502
291
958
616
465
607
908
778
952
752
221
925
543
393
491
625
146
276
151
17
944
270
310
34
292
394
723
94
968
322
135
170
702
833
113
733
123
794
239
929
758
257
490
455
547
776
791
470
171
789
721
33
21
875
41
159
911
248
930
338
609
796
718
374
5
582
943
967
712
195
74
125
448
562
645
309
839
162
333
240
469
882
62
197
809
984
955
216
318
434
854
60
272
915
461
975
473
735
457
205
940
665
458
580
630
956
848
137
218
860
765
203
962
344
382
608
392
4
289
449
888
669
61
549
836
346
947
588
42
460
293
806
551
432
372
359
633
347
314
69
445
38
897
871
340
303
298
920
873
319
881
317
865
740
214
401
117
934
12
550
879
99
81
481
429
960
503
379
186
166
641
578
492
399
659
682
299
122
284
890
29
443
883
761
53
886
555
790
784
648
500
767
139
936
66
485
531
398
896
121
185
603
520
981
31
571
990
415
812
108
302
515
237
927
265
720
189
161
383
939
846
462
192
901
734
567
504
114
266
801
710
116
827
339
688
526
183
774
90
647
868
530
658
11
792
573
57
611
756
109
402
480
581
548
546
587
619
746
249
924
884
700
903
219
585
565
798
674
636
88
47
207
129
889
950
27
208
131
377
851
138
623
730
43
541
741
136
175
872
563
610
646
409
914
76
878
141
212
133
855
624
831
533
935
107
514
365
574
142
296
847
937
545
361
592
233
261
852
435
478
238
670
115
85
628
604
866
506
436
584
703
215
441
327
965
743
199
241
680
626
406
494
600
419
95
991
313
679
986
904
286
885
558
639
418
223
226
810
86
887
451
517
685
907
250
949
143
656
963
301
606
40
644
977
378
177
364
306
341
282
989
777
336
10
22
259
895
627
754
601
335
719
275
68
300
245
971
200
428
193
542
105
742
689
20
615
902
112
780
484
311
505
830
684
605
535
287
320
397
321
106
997
898
350
371
148
786
345
576
246
917
649
597
583
614
631
15
48
678
840
168
297
13
594
176
285
826
716
119
472
759
63
524
804
732
638
111
694
427
390
683
153
279
354
691
381
842
824
268
671
269
92
477
373
362
273
263
864
147
797
150
315
634
569
104
73
49
728
475
938
816
82
467
632
751
819
829
437
817
405
400
389
859
970
58
849
357
564
996
922
650
668
79
841
252
35
468
593
553
126
666
598
479
912
974
271
739
613
120
337
828
211
561
867
993
184
251
369
93
52
167
599
772
552
174
160
556
24
423
861
342
637
835
753
572
724
795
450
521
158
44
213
456
290
748
495
818
87
488
182
507
190
152
687
72
979
425
25
331
805
622
294
811
489
699
414
976
225
926
675
65
850
154
328
56
140
483
96
67
508
236
642
697
370
367
100
652
101
781
823
643
227
690
438
512
71
900
8
180
725
23
773
757
424
874
366
985
316
89
410
891
595
577
618
825
913
132
234
157
198
360
288
9
869
78
471
1
704
560
523
155
844
46
376
224
324
464
918
729
83
568
499
45
50
329
262
522
217
822
98
589
910
169
243
210
813
295
255
686
222
863
775
513
75
708
124
417
745
640
707
788
454
91
307
422
358
97
375
420
978
487
77
921
209
463
876
206
452
715
110
356
330
391
229
416
70
695
194
351
459
931
923
537
820
28
953
770
486
181
308
988
651
163
230
403
942
802
660
579
497
782
987
677
664
149
807
667
655
793
407
832
466
540
433
673
681
966
527
856
349
501
853
103
837
188
396
653
84
440
877
278
37
803
747
442
893
980
179
447
769
731
156
277
928
128
799
326
145
957
693
528
961
620
412
325
814
232
258
498
127
738
916
612
629
281
696
80
749
476
994
713
18
54
557
857
760
999
880
32
408
709
201
280
247
764
663
538
134
220
982
453
413
787
519
998
566
766
536
676
511
717
59
711
785
945
165
672
312
482
992
256
906
959
692
444
235
529
722
544
654
862
705
191
602
554
510
821
474
64
983
726
737
539
525
838
954
493
586
7
384
130
388
892
768
661
439
348
395
905
51
919
800
995
404
596
178
264
430
368
387
591
202
590
274
559
621
518
172
36
932
763
973
102
635
0
332
385
426
242
431
570
363
204
516
55
657
353
39
894
411
173
755
267
2
969
727
323
334
144
3
509
843
30
244
736
575
815
196
617
714
231
808
253
750
783
941
909
948
899
762
662
858
933
164
6
118
534
698
779
386
706
964
254
355
343
352
834
26
305
744
260
421
951
771
870
496
304
19
845
380
972
228
16
701
946
532
446
283
187
14
